¹ mnam ¹93

11111, 11111111111111111111111111111·

1111 fingere. 011111 verisimile 1111 est, 111
1111111111, 11111 1111 1111111111. 0111 19
1111111111111111111111, 1111111111 11 .
,111111111111111111111111 11111111 Sm-

11η 111111 nuere-us? 11111 fi* 11111111,

>ur 1111111111 1111 1111111111111111
igitur, 11111111,11111, 1111111111,11111111,
1111111111, 111111, 111111111111111111·

111 111111111111, 11 1111111 11111111 11- , ·
11111111 011111311111111, 1111 quoque,
11111111111111,11111111111 01111111 11
de? 111, 111 11111111111111111111111111111
111,111111111111111111111, 111111 cndu!
11111 6111111111 ez 1111111111, 1 11111111,
0111111111,11111,11111 8111, 11 1111111
1111111 11111111111111 1111111111 011111
quoqne 1111111111111111111111 religioso 11-
1111, 1111111111ιή 11111, (1111111111 ,
11111111111111111111ν11811181011- '
111, 111111 11111, 1111111 11111 1111111111,
1111111111 ,11111111111111111111 11111 11·
1111111111111111 8111 111111 11111111 1111·
1111 11111111111111, Ι,111111 111 1111111,Ι ’
vmfflwmmfflmm*
111111 1111111111111 111111111111111111141

1111, Gt 111ρῆ111111 Ν11Ῐ1ξ111111111111,
· 1

 

